55948,25651
55948,25652
55948,25653
55949,25647
55949,25648
55949,25649
55949,25650
55949,25651
55949,25652
55949,25653
55950,25647
55950,25648
55950,25649
55950,25650
55950,25651
55950,25652
55950,25653
55951,25647
55951,25648
55951,25650
55951,25651
55951,25652
55951,25653
55952,25648
55952,25649
55952,25650
55952,25651
55952,25652
55952,25653
55953,25647
55953,25648
55953,25649
55953,25650
55953,25651
55953,25652
55953,25653
55954,25647
55954,25648
55954,25649
55954,25650
55954,25651
55954,25652
55954,25653
55954,25654
55955,25647
55955,25648
55955,25649
55955,25650
55955,25651
55955,25652
55955,25653
55955,25654
55956,25647
55956,25648
55956,25649
55956,25650
55956,25651
55956,25652
55956,25653
55956,25654
55957,25652
55957,25654
