55841,25388
55841,25389
55841,25390
55841,25391
55841,25392
55841,25393
55842,25388
55842,25389
55842,25390
55842,25391
55842,25392
55842,25393
55843,25388
55843,25389
55843,25390
55843,25391
55843,25392
55843,25393
55844,25388
55844,25389
55844,25390
55844,25391
55844,25392
55844,25393
55845,25388
55845,25389
55845,25390
55845,25391
55845,25392
55845,25393
55846,25388
55846,25389
55846,25390
55846,25391
55846,25392
55846,25393
55847,25388
55847,25389
55847,25390
55847,25391
55847,25392
55847,25393
